rm -f *.ins
(awk '
BEGIN {
	min= -100
}
{
	if ($1==2 && $2== 30 && $3==10) min = 1
	print "./gifp",  $1,  $2, $3 , min, 100 , $3, $4
}' | sh ) <<EOF
2     25   10    755      697.39    752.56      -1.9436x10e+2
2     25   10    565      255.28    235.88      -5.3620x10e+2
2     25   10    754      504.78    564.86      -6.2036x10e+2
2     25   10    897     1376.28   1572.97      
2     25   10    777      300.88    243.55      
2     25   15    733      292.53    192.88      -7.4589x10e+2
2     25   15    744      481.59    538.44      -8.6641x10e+2
2     25   15    754      332.53    331.63      -6.7546x10e+2
2     25   15    743     1736.94   1332.13      -6.0594x10e+2
2     25   15    865      282.08    196.38      -3.0811x10e+2
10    20   10    846      147.30     143.59     -5.1864x10e+2
10    20   10    756      219.58     212.62     -4.1687x10e+2
10    20   10    856      248.03     211.80     -4.5361x10e+2
10    20   10    535      853.36     670.14     -6.1784x10e+2
10    20   10    856      238.42     213.09     -4.5361x10e+2
10    20   15    136       14.84      14.24     -7.7033x10e+2
10    20   15    674       11.22      10.39     -4.6998x10e+2
10    20   15    757       25.80      18.61     -4.1693x10e+2
10    20   15    756       25.56      24.81     -3.3592x10e+2
10    20   15    876       13.98      12.36     -4.7725x10e+2
10    25   10    855     6891.64    7260.36     -7.4419x10e+2
10    25   10    756     9139.31    9216.61     -4.7669x10e+2
10    25   10    755     6581.36    3225.94     -4.3141x10e+2
10    25   10    565     1760.06    1706.95     -7.2653x10e+2
10    25   10    754     3871.45    3330.20     -7.4754x10e+2
10    25   15    733     5427.50    4609.58     -7.9760x10e+2
10    25   15    744     6701.14    6077.70     -8.7278x10e+2
10    25   15    754     3989.36    3525.42     -8.5527x10e+2
10    25   15    743     1640.20    1694.41     -6.8095x10e+2
10    25   15    865     4611.55    4130.53     -4.6424x10e+2
2     30   10   8467     1.53          4.41     3.9903x10e-1
2     30   10   7567     1.50          0.78     3.0613x10e-1
2     30   10   8564     1.31          1.31     3.9792x10e-1
2     30   10   5353     0.97          0.67     2.6467x10e-1
2     30   10   8567     3.59          2.05     3.3548x10e-1
2     30   15   1367     2.94          2.56     4.8529x10e-1
2     30   15   6743     1.66          2.27     5.0135x10e-1
2     30   15   7576     8.45          6.41     4.9754x10e-1
2     30   15   7565     0.61          0.52     4.3726x10e-1
2     30   15   8764     0.30          0.20     3.8455x10e-1
2     30   20   7465     0.97          0.95     6.2959x10e-1
2     30   20   8574     0.31          0.41     5.1394x10e-1
2     30   20   8564     6.42          4.64     7.7881x10e-1
2     30   20   7564     1.00          0.63     6.8299x10e-1
2     30   20   8474     1.88          1.63     6.4804x10e-1
2     30   25   6463     0.27          0.17     8.1183x10e-1 
2     30   25   8474     0.23          0.19     8.2552x10e-1
2     30   25   5433     0.11          0.11     8.9577x10e-1
2     30   25   8574     0.08          0.06     6.5413x10e-1
2     30   25   8564     0.30          0.38     9.7881x10e-1
2     35   10   8554     0.23          0.16     1.3948x10e-1
2     35   10   7565     6.47         10.11     2.8885x10e-1
2     35   10   7554     2.72          1.39     2.2550x10e-1
2     35   10   5654    26.74         10.19     2.6696x10e-1
2     35   10   7543     2.81          2.48     2.8568x10e-1
2     35   15   7335     0.45          0.61     2.6775x10e-1
2     35   15   7444     2.27          1.61     3.5541x10e-1
2     35   15   7544     0.58          2.08     2.6403x10e-1
2     35   15   7433    13.80         18.39     4.2756x10e-1
2     35   15   8654     0.19          0.22     2.5356x10e-1
2     35   20   7443     1.67          1.42     4.3785x10e-1
2     35   20   7777     7.75          7.53     5.1931x10e-1
2     35   20   5555     9.89          8.19     6.0563x10e-1
2     35   20   6666    57.66         35.53     5.3060x10e-1
2     35   20   4333     1.38          1.52     4.2302x10e-1
2     35   25   7653     5.81          6.39     7.4754x10e-1
2     35   25   7653     5.78          6.02     7.4754x10e-1
2     35   25   7646     2.53          2.59     7.7739x10e-1
2     35   25   7443     1.47          1.17     5.7554x10e-1
2     35   25   7446     0.45          0.50     5.6219x10e-1
2     40   10   8767     0.50          0.38     1.5955x10e-1
2     40   10   7567    18.47         36.19     2.5245x10e-1
2     40   10   8464     7.91          3.02     1.8538x10e-1
2     40   10   5653     2.86          2.08     2.3732x10e-1
2     40   10   8767     0.52          0.42     1.5955x10e-1
2     40   15   1667     6.28          9.81     2.9736x10e-1
2     40   15   6643     8.19          8.31     3.2634x10e-1
2     40   15   7546     1.88          3.22     3.2970x10e-1
2     40   15   7545    40.61         11.98     3.6113x10e-1
2     40   15   8754   446.59        259.09     3.5335x10e-1
2     40   20   7435   538.55        600.50     3.9799x10e-1
2     40   20   8534     3.25          3.52     3.8199x10e-1
2     40   20   8534     3.41          3.61     3.8199x10e-1
2     40   20   7534   155.22        172.89     4.6957x10e-1
2     40   20   8434  2346.67       6441.97     4.9929x10e-1
2     40   25   6443   623.14        569.14     6.9209x10e-1
2     40   25   8444    12.16         12.49     6.2550x10e-1
2     40   25   5443   559.67        261.50     6.1109x10e-1
2     40   25   8544   789.42        534.38     6.4632x10e-1
2     40   25   8544   817.88        547.01     6.4632x10e-1
2     45   10   8564    58.55         23.61     2.7706x10e-1
2     45   10   7575     6.88          4.77     2.0012x10e-1
2     45   10   7574     0.74          0.42     1.5661x10e-1
2     45   10   5674     5.72          2.97     1.8992x10e-1
2     45   10   7573     9.67          2.76     1.8592x10e-1
2     45   15   7395  1615.02       2713.75     3.3965x10e-1
2     45   15   7494   776.50        672.03     4.0349x10e-1
2     45   15   7594   634.41        266.00     3.6371x10e-1
2     45   15   7493   159.92        109.28     2.8526x10e-1
2     45   15   8694    79.52         34.94     2.9536x10e-1
2     45   20   7463  4782.19       4929.61     4.0359x10e-1
2     45   20   7767   442.80        375.70     3.7759x10e-1
2     45   20   5575   436.50        718.59     4.0123x10e-1
2     45   20   6686    78.98         49.55     3.9759x10e-1
2     45   20   4393  4976.92       3206.38     3.9053x10e-1
2     45   25   7653  6795.66       5862.25     5.2010x10e-1
2     45   25   7643    49.31         51.52     4.7691x10e-1
2     45   25   7656  1336.59       1370.47     5.0284x10e-1
2     45   25   7453   839.94       1152.63     5.2064x10e-1
2     45   25   7456  1314.42       1398.09     5.7493x10e-1
2     50   10   1564     9.70          6.67     2.0078x10e-1
2     50   10   1575     2.16          4.45     1.3222x10e-1
2     50   10   1574     3.64          2.63     1.5456x10e-1
2     50   10   1674    14.44          7.80     1.7563x10e-1
2     50   10   1573     0.66          0.44     1.2392x10e-1
2     50   15   1395   684.55        595.31     2.5584x10e-1
2     50   15   1494  5123.30      15314.59     3.1085x10e-1
2     50   15   1594   248.64       1850.88     3.0006x10e-1
2     50   15   1493 11914.56       4590.45     2.8561x10e-1
2     50   15   1694   890.63        530.56     3.0311x10e-1
2     50   20   1767   398.53        459.64     3.2913x10e-1
2     50   20   1575  6204.55       9660.61     3.1364x10e-1
2     50   20   1393  3730.66       3080.77     3.5671x10e-1
2     50   20   1766   272.31        205.41     3.3017x10e-1
2     50   20   1765   214.00         57.45     2.9236x10e-1
2     50   25   2653   437.70        386.16     3.8413x10e-1
2     50   25   2643  1737.22        674.98     4.2876x10e-1
2     50   25   2656   144.73         21.22     3.2799x10e-1
2     50   25   2453    59.14         98.78     4.2997x10e-1
2     50   25   2456  1639.16        446.00     4.6640x10e-1
EOF
for i in *.ins; do 
	sh ins2hyp $i > H-$i
done
#rm -f m*.ins

