m     n    k    seed    New         Comb           Optimal
                        time (s)    time (s)        value 
--------------------------------------------------------------
2     25   10    755      697.39    752.56      -1.9436e+2
2     25   10    565      255.28    235.88      -5.3620e+2
2     25   10    754      504.78    564.86      -6.2036e+2
2     25   10    897     1376.28   1572.97      
2     25   10    777      300.88    243.55      
2     25   15    733      292.53    192.88      -7.4589e+2
2     25   15    744      481.59    538.44      -8.6641e+2
2     25   15    754      332.53    331.63      -6.7546e+2
2     25   15    743     1736.94   1332.13      -6.0594e+2
2     25   15    865      282.08    196.38      -3.0811e+2
10    20   10    846      147.30     143.59     -5.1864e+2
10    20   10    756      219.58     212.62     -4.1687e+2
10    20   10    856      248.03     211.80     -4.5361e+2
10    20   10    535      853.36     670.14     -6.1784e+2
10    20   10    856      238.42     213.09     -4.5361e+2
10    20   15    136       14.84      14.24     -7.7033e+2
10    20   15    674       11.22      10.39     -4.6998e+2
10    20   15    757       25.80      18.61     -4.1693e+2
10    20   15    756       25.56      24.81     -3.3592e+2
10    20   15    876       13.98      12.36     -4.7725e+2
10    25   10    855     6891.64    7260.36     -7.4419e+2
10    25   10    756     9139.31    9216.61     -4.7669e+2
10    25   10    755     6581.36    3225.94     -4.3141e+2
10    25   10    565     1760.06    1706.95     -7.2653e+2
10    25   10    754     3871.45    3330.20     -7.4754e+2
10    25   15    733     5427.50    4609.58     -7.9760e+2
10    25   15    744     6701.14    6077.70     -8.7278e+2
10    25   15    754     3989.36    3525.42     -8.5527e+2
10    25   15    743     1640.20    1694.41     -6.8095e+2
10    25   15    865     4611.55    4130.53     -4.6424e+2
2     30   10   8467     1.53          4.41     3.9903e-1
2     30   10   7567     1.50          0.78     3.0613e-1
2     30   10   8564     1.31          1.31     3.9792e-1
2     30   10   5353     0.97          0.67     2.6467e-1
2     30   10   8567     3.59          2.05     3.3548e-1
2     30   15   1367     2.94          2.56     4.8529e-1
2     30   15   6743     1.66          2.27     5.0135e-1
2     30   15   7576     8.45          6.41     4.9754e-1
2     30   15   7565     0.61          0.52     4.3726e-1
2     30   15   8764     0.30          0.20     3.8455e-1
2     30   20   7465     0.97          0.95     6.2959e-1
2     30   20   8574     0.31          0.41     5.1394e-1
2     30   20   8564     6.42          4.64     7.7881e-1
2     30   20   7564     1.00          0.63     6.8299e-1
2     30   20   8474     1.88          1.63     6.4804e-1
2     30   25   6463     0.27          0.17     8.1183e-1 
2     30   25   8474     0.23          0.19     8.2552e-1
2     30   25   5433     0.11          0.11     8.9577e-1
2     30   25   8574     0.08          0.06     6.5413e-1
2     30   25   8564     0.30          0.38     9.7881e-1
2     35   10   8554     0.23          0.16     1.3948e-1
2     35   10   7565     6.47         10.11     2.8885e-1
2     35   10   7554     2.72          1.39     2.2550e-1
2     35   10   5654    26.74         10.19     2.6696e-1
2     35   10   7543     2.81          2.48     2.8568e-1
2     35   15   7335     0.45          0.61     2.6775e-1
2     35   15   7444     2.27          1.61     3.5541e-1
2     35   15   7544     0.58          2.08     2.6403e-1
2     35   15   7433    13.80         18.39     4.2756e-1
2     35   15   8654     0.19          0.22     2.5356e-1
2     35   20   7443     1.67          1.42     4.3785e-1
2     35   20   7777     7.75          7.53     5.1931e-1
2     35   20   5555     9.89          8.19     6.0563e-1
2     35   20   6666    57.66         35.53     5.3060e-1
2     35   20   4333     1.38          1.52     4.2302e-1
2     35   25   7653     5.81          6.39     7.4754e-1
2     35   25   7653     5.78          6.02     7.4754e-1
2     35   25   7646     2.53          2.59     7.7739e-1
2     35   25   7443     1.47          1.17     5.7554e-1
2     35   25   7446     0.45          0.50     5.6219e-1
2     40   10   8767     0.50          0.38     1.5955e-1
2     40   10   7567    18.47         36.19     2.5245e-1
2     40   10   8464     7.91          3.02     1.8538e-1
2     40   10   5653     2.86          2.08     2.3732e-1
2     40   10   8767     0.52          0.42     1.5955e-1
2     40   15   1667     6.28          9.81     2.9736e-1
2     40   15   6643     8.19          8.31     3.2634e-1
2     40   15   7546     1.88          3.22     3.2970e-1
2     40   15   7545    40.61         11.98     3.6113e-1
2     40   15   8754   446.59        259.09     3.5335e-1
2     40   20   7435   538.55        600.50     3.9799e-1
2     40   20   8534     3.25          3.52     3.8199e-1
2     40   20   8534     3.41          3.61     3.8199e-1
2     40   20   7534   155.22        172.89     4.6957e-1
2     40   20   8434  2346.67       6441.97     4.9929e-1
2     40   25   6443   623.14        569.14     6.9209e-1
2     40   25   8444    12.16         12.49     6.2550e-1
2     40   25   5443   559.67        261.50     6.1109e-1
2     40   25   8544   789.42        534.38     6.4632e-1
2     40   25   8544   817.88        547.01     6.4632e-1
2     45   10   8564    58.55         23.61     2.7706e-1
2     45   10   7575     6.88          4.77     2.0012e-1
2     45   10   7574     0.74          0.42     1.5661e-1
2     45   10   5674     5.72          2.97     1.8992e-1
2     45   10   7573     9.67          2.76     1.8592e-1
2     45   15   7395  1615.02       2713.75     3.3965e-1
2     45   15   7494   776.50        672.03     4.0349e-1
2     45   15   7594   634.41        266.00     3.6371e-1
2     45   15   7493   159.92        109.28     2.8526e-1
2     45   15   8694    79.52         34.94     2.9536e-1
2     45   20   7463  4782.19       4929.61     4.0359e-1
2     45   20   7767   442.80        375.70     3.7759e-1
2     45   20   5575   436.50        718.59     4.0123e-1
2     45   20   6686    78.98         49.55     3.9759e-1
2     45   20   4393  4976.92       3206.38     3.9053e-1
2     45   25   7653  6795.66       5862.25     5.2010e-1
2     45   25   7643    49.31         51.52     4.7691e-1
2     45   25   7656  1336.59       1370.47     5.0284e-1
2     45   25   7453   839.94       1152.63     5.2064e-1
2     45   25   7456  1314.42       1398.09     5.7493e-1
2     50   10   1564     9.70          6.67     2.0078e-1
2     50   10   1575     2.16          4.45     1.3222e-1
2     50   10   1574     3.64          2.63     1.5456e-1
2     50   10   1674    14.44          7.80     1.7563e-1
2     50   10   1573     0.66          0.44     1.2392e-1
2     50   15   1395   684.55        595.31     2.5584e-1
2     50   15   1494  5123.30      15314.59     3.1085e-1
2     50   15   1594   248.64       1850.88     3.0006e-1
2     50   15   1493 11914.56       4590.45     2.8561e-1
2     50   15   1694   890.63        530.56     3.0311e-1
2     50   20   1767   398.53        459.64     3.2913e-1
2     50   20   1575  6204.55       9660.61     3.1364e-1
2     50   20   1393  3730.66       3080.77     3.5671e-1
2     50   20   1766   272.31        205.41     3.3017e-1
2     50   20   1765   214.00         57.45     2.9236e-1
2     50   25   2653   437.70        386.16     3.8413e-1
2     50   25   2643  1737.22        674.98     4.2876e-1
2     50   25   2656   144.73         21.22     3.2799e-1
2     50   25   2453    59.14         98.78     4.2997e-1
2     50   25   2456  1639.16        446.00     4.6640e-1
================================================================
